10
0,8,25,85,44,85,29,51,81,45
8,0,33,79,36,79,29,46,75,38
25,33,0,103,68,104,41,70,100,68
85,79,103,0,47,7,63,34,4,44
44,36,68,47,0,44,37,20,42,2
85,79,104,7,44,0,65,34,6,42
29,29,41,63,37,65,0,31,59,36
51,46,70,34,20,34,31,0,30,17
81,75,100,4,42,6,59,30,0,39
45,38,68,44,2,42,36,17,39,0
