8
0,2,66,2,13,16,52,22
2,0,65,2,14,14,52,25
66,65,0,64,59,56,28,75
2,2,64,0,12,14,50,23
13,14,59,12,0,21,41,18
16,14,56,14,21,0,48,37
52,52,28,50,41,48,0,53
22,25,75,23,18,37,53,0
