7
0,19,10,36,42,41,28
19,0,9,29,23,24,29
10,9,0,34,32,34,31
36,29,34,0,33,20,15
42,23,32,33,0,14,43
41,24,34,20,14,0,32
28,29,31,15,43,32,0
