13
0,66,33,35,49,80,57,61,47,54,51,69,62
66,0,48,46,27,21,9,23,54,27,23,27,48
33,48,0,3,22,54,40,33,15,25,46,40,28
35,46,3,0,20,51,38,31,14,22,45,37,26
49,27,22,20,0,31,21,12,26,5,34,19,25
80,21,54,51,31,0,27,20,53,28,44,16,41
57,9,40,38,21,27,0,21,47,23,17,27,45
61,23,33,31,12,20,21,0,34,8,38,8,25
47,54,15,14,26,53,47,34,0,26,57,37,17
54,27,25,22,5,28,23,8,26,0,37,15,22
51,23,46,45,34,44,17,38,57,37,0,45,59
69,27,40,37,19,16,27,8,37,15,45,0,25
62,48,28,26,25,41,45,25,17,22,59,25,0
