9
0,9,38,30,27,36,38,55,48
9,0,29,31,18,33,35,57,47
38,29,0,53,12,48,49,78,60
30,31,53,0,47,13,14,25,20
27,18,12,47,0,44,45,72,57
36,33,48,13,44,0,2,30,13
38,35,49,14,45,2,0,30,12
55,57,78,25,72,30,30,0,22
48,47,60,20,57,13,12,22,0
